
steps:           8589934592 diff: 0.0006664528232941197
 0.54 0.81 0.83 0.81 0.81 0.80 0.79 0.79 0.78 0.77 0.76 0.75 0.75 0.76 0.76 0.76 0.77 0.77 0.78 0.78 0.79 0.79 0.79 0.78 0.79 0.79 0.79 0.79 0.79 0.53
 0.80 1.08 1.10 1.08 1.06 1.04 1.03 1.01 1.00 0.99 0.98 0.98 0.97 0.98 0.99 1.00 1.02 1.02 1.04 1.03 1.05 1.05 1.05 1.05 1.06 1.05 1.06 1.05 1.08 0.80
 0.78 1.05 1.07 1.03 1.02 0.97 0.97 0.94 0.96 0.93 0.94 0.92 0.95 0.94 0.97 0.97 1.00 0.98 1.01 1.02 1.04 1.05 1.07 1.08 1.09 1.10 1.09 1.08 1.05 0.79
 0.76 1.03 1.04 1.00 0.97 0.95 0.94 0.93 0.94 0.91 0.92 0.91 0.93 0.93 0.95 0.96 0.97 0.97 1.00 1.02 1.06 1.07 1.06 1.10 1.07 1.10 1.08 1.09 1.06 0.79
 0.74 0.98 0.99 0.99 0.97 0.96 0.94 0.93 0.93 0.93 0.93 0.93 0.92 0.92 0.92 0.94 0.95 0.96 0.97 1.00 1.04 1.07 1.07 1.09 1.09 1.11 1.10 1.09 1.05 0.79
 0.74 0.96 0.98 0.97 0.95 0.95 0.94 0.95 0.96 0.95 0.95 0.95 0.93 0.92 0.91 0.94 0.94 0.95 0.96 0.99 1.03 1.06 1.06 1.08 1.08 1.09 1.08 1.09 1.06 0.79
 0.73 0.97 0.98 0.98 0.95 0.96 0.95 0.95 0.95 0.96 0.95 0.96 0.93 0.92 0.90 0.93 0.94 0.95 0.95 0.98 1.00 1.04 1.05 1.08 1.08 1.09 1.09 1.08 1.05 0.78
 0.75 0.98 1.01 1.00 0.98 0.97 0.98 0.98 0.99 0.96 0.97 0.98 0.96 0.94 0.92 0.95 0.96 0.97 0.98 0.99 1.00 1.01 1.01 1.05 1.06 1.07 1.06 1.07 1.05 0.79
 0.74 0.98 1.01 1.00 0.98 0.99 0.99 0.98 0.97 0.97 0.97 0.99 0.98 0.95 0.93 0.97 0.96 0.98 0.99 1.01 0.99 1.01 1.02 1.04 1.06 1.07 1.07 1.05 1.05 0.79
 0.75 1.00 1.03 1.03 0.99 0.99 0.99 0.99 0.99 0.98 0.99 1.00 0.99 0.98 0.97 0.99 0.98 0.99 1.01 1.02 1.02 0.99 1.00 1.00 1.03 1.04 1.06 1.04 1.05 0.79
 0.75 1.00 1.03 1.03 1.00 1.00 0.99 0.98 1.00 1.01 1.03 1.02 1.02 0.98 0.97 0.98 0.99 0.99 1.01 1.02 1.02 1.01 0.99 0.98 0.99 1.00 1.02 1.02 1.03 0.78
 0.76 1.01 1.05 1.05 1.02 1.00 0.99 0.99 1.01 1.03 1.02 1.03 1.02 1.01 0.99 1.00 0.99 0.97 1.01 1.01 1.01 0.98 0.98 0.95 0.96 0.97 1.00 1.01 1.04 0.78
 0.77 1.02 1.05 1.06 1.03 1.02 1.03 1.01 1.05 1.06 1.04 1.03 1.02 1.01 0.98 0.99 0.98 0.99 0.97 0.99 0.99 0.98 0.97 0.95 0.95 0.96 0.97 0.98 1.02 0.77
 0.77 1.02 1.06 1.08 1.05 1.02 1.03 1.02 1.06 1.07 1.03 1.02 1.00 0.99 0.99 0.99 0.99 0.98 0.99 0.99 0.98 0.96 0.96 0.94 0.94 0.94 0.97 1.00 1.02 0.77
 0.78 1.04 1.08 1.11 1.08 1.06 1.06 1.04 1.09 1.09 1.04 1.01 1.00 0.98 0.98 0.98 1.00 0.99 1.00 0.98 0.99 0.96 0.95 0.93 0.94 0.94 0.96 0.97 1.00 0.76
 0.79 1.06 1.11 1.14 1.11 1.09 1.08 1.06 1.09 1.09 1.05 1.00 1.00 0.98 1.00 0.98 1.00 0.98 0.99 0.97 0.97 0.93 0.92 0.90 0.91 0.92 0.95 0.97 0.99 0.76
 0.80 1.07 1.12 1.16 1.15 1.14 1.12 1.11 1.14 1.13 1.07 1.02 1.00 0.98 0.98 0.98 1.00 1.01 1.01 0.98 0.98 0.95 0.94 0.92 0.93 0.93 0.93 0.94 0.98 0.76
 0.81 1.09 1.12 1.16 1.15 1.15 1.14 1.13 1.14 1.16 1.09 1.03 1.01 1.00 1.00 1.01 1.00 1.02 1.02 1.02 0.99 0.98 0.96 0.93 0.93 0.92 0.93 0.95 0.97 0.75
 0.82 1.10 1.13 1.18 1.14 1.15 1.14 1.15 1.16 1.17 1.11 1.07 1.03 1.02 1.00 1.01 1.02 1.03 1.03 1.02 1.00 0.99 0.98 0.96 0.95 0.93 0.91 0.92 0.98 0.75
 0.84 1.12 1.15 1.18 1.15 1.16 1.15 1.17 1.17 1.18 1.14 1.11 1.09 1.07 1.05 1.05 1.03 1.04 1.02 1.03 0.99 0.97 0.97 0.95 0.95 0.93 0.92 0.94 0.98 0.76
 0.85 1.14 1.17 1.19 1.16 1.19 1.19 1.20 1.20 1.21 1.19 1.18 1.16 1.13 1.09 1.09 1.07 1.06 1.03 1.01 0.99 0.97 0.96 0.96 0.95 0.93 0.91 0.93 0.99 0.77
 0.87 1.15 1.15 1.18 1.17 1.20 1.19 1.19 1.18 1.20 1.17 1.16 1.14 1.14 1.09 1.09 1.06 1.05 1.01 1.00 0.99 0.97 0.99 0.95 0.96 0.93 0.94 0.96 1.00 0.78
 0.86 1.15 1.16 1.19 1.19 1.21 1.21 1.20 1.20 1.20 1.17 1.15 1.13 1.11 1.07 1.04 1.02 1.01 0.99 0.98 0.99 0.98 0.99 0.95 0.95 0.93 0.93 0.94 1.01 0.79
 0.86 1.14 1.14 1.18 1.19 1.23 1.21 1.21 1.19 1.19 1.15 1.14 1.14 1.12 1.08 1.06 1.03 1.03 0.99 0.99 0.99 0.99 0.98 0.95 0.94 0.94 0.94 0.97 1.03 0.79
 0.84 1.13 1.13 1.18 1.20 1.24 1.24 1.21 1.20 1.18 1.17 1.15 1.15 1.14 1.09 1.06 1.02 1.02 1.00 1.00 0.99 0.99 0.97 0.96 0.95 0.96 0.95 0.97 1.04 0.80
 0.83 1.12 1.11 1.15 1.17 1.20 1.19 1.19 1.17 1.16 1.15 1.15 1.15 1.15 1.12 1.08 1.05 1.03 1.01 1.00 1.00 0.98 0.98 0.95 0.95 0.97 0.97 1.02 1.06 0.81
 0.83 1.11 1.10 1.13 1.16 1.18 1.19 1.19 1.18 1.19 1.18 1.18 1.16 1.16 1.14 1.11 1.08 1.06 1.05 1.03 1.03 1.00 1.00 0.98 0.97 0.99 1.00 1.03 1.08 0.81
 0.84 1.11 1.09 1.11 1.12 1.14 1.14 1.16 1.15 1.17 1.15 1.13 1.12 1.12 1.11 1.08 1.06 1.05 1.05 1.03 1.03 1.01 1.01 0.98 0.98 0.99 1.04 1.07 1.10 0.83
 0.84 1.12 1.11 1.12 1.12 1.13 1.14 1.15 1.15 1.14 1.12 1.10 1.08 1.07 1.06 1.04 1.02 1.02 1.01 1.00 1.00 0.98 0.98 0.97 0.96 0.98 1.03 1.05 1.08 0.80
 0.56 0.85 0.84 0.84 0.84 0.84 0.86 0.86 0.87 0.85 0.84 0.82 0.81 0.80 0.79 0.78 0.77 0.77 0.76 0.75 0.75 0.74 0.75 0.73 0.74 0.74 0.76 0.78 0.80 0.54
 
 steps:           2147483648 diff: 0.0007100884527415799
 0.54 0.80 0.81 0.81 0.80 0.80 0.80 0.80 0.80 0.80 0.80 0.79 0.79 0.78 0.78 0.79 0.80 0.80 0.80 0.54
 0.82 1.08 1.09 1.09 1.06 1.06 1.06 1.06 1.05 1.06 1.06 1.05 1.04 1.04 1.05 1.05 1.07 1.05 1.08 0.81
 0.81 1.08 1.08 1.06 1.05 1.03 1.05 1.02 1.04 1.02 1.04 1.03 1.04 1.03 1.06 1.07 1.09 1.08 1.06 0.80
 0.79 1.06 1.07 1.05 1.04 1.03 1.04 1.02 1.03 1.01 1.02 1.03 1.03 1.03 1.04 1.06 1.07 1.09 1.07 0.80
 0.78 1.03 1.04 1.04 1.03 1.02 1.02 1.01 1.01 1.02 1.01 1.03 1.02 1.03 1.04 1.06 1.06 1.07 1.05 0.79
 0.78 1.03 1.04 1.03 1.01 1.01 1.00 1.01 1.01 1.01 1.02 1.03 1.02 1.03 1.03 1.04 1.04 1.06 1.05 0.78
 0.78 1.03 1.04 1.04 1.02 1.02 1.03 1.03 1.02 1.03 1.02 1.04 1.03 1.03 1.03 1.03 1.03 1.03 1.04 0.78
 0.79 1.05 1.07 1.06 1.04 1.04 1.05 1.05 1.05 1.06 1.06 1.07 1.05 1.04 1.02 1.02 1.03 1.04 1.04 0.79
 0.79 1.05 1.07 1.07 1.03 1.05 1.05 1.05 1.05 1.08 1.07 1.07 1.07 1.04 1.03 1.03 1.03 1.03 1.05 0.79
 0.80 1.07 1.07 1.07 1.05 1.05 1.06 1.06 1.06 1.08 1.08 1.07 1.06 1.02 1.02 1.01 1.02 1.04 1.06 0.80
 0.80 1.06 1.07 1.07 1.05 1.06 1.07 1.06 1.07 1.09 1.08 1.08 1.06 1.03 1.01 1.02 1.02 1.03 1.06 0.80
 0.81 1.07 1.06 1.07 1.05 1.06 1.05 1.04 1.06 1.07 1.06 1.05 1.04 1.02 1.01 1.01 1.03 1.04 1.05 0.80
 0.81 1.07 1.07 1.09 1.07 1.07 1.05 1.04 1.04 1.06 1.06 1.05 1.05 1.03 1.01 1.01 1.02 1.02 1.06 0.80
 0.81 1.08 1.07 1.09 1.08 1.09 1.08 1.05 1.05 1.06 1.06 1.05 1.05 1.03 1.01 1.02 1.04 1.05 1.06 0.80
 0.80 1.07 1.08 1.11 1.11 1.12 1.09 1.07 1.07 1.06 1.05 1.05 1.04 1.02 1.01 1.02 1.03 1.03 1.06 0.80
 0.80 1.06 1.06 1.09 1.09 1.11 1.08 1.07 1.05 1.05 1.05 1.03 1.04 1.02 1.01 1.03 1.04 1.05 1.06 0.80
 0.80 1.06 1.05 1.08 1.09 1.11 1.09 1.09 1.07 1.07 1.07 1.07 1.06 1.04 1.03 1.04 1.05 1.06 1.08 0.81
 0.80 1.06 1.04 1.06 1.07 1.09 1.07 1.07 1.07 1.07 1.08 1.07 1.07 1.04 1.04 1.04 1.07 1.08 1.09 0.81
 0.80 1.07 1.06 1.07 1.06 1.07 1.08 1.07 1.07 1.06 1.07 1.05 1.06 1.03 1.03 1.03 1.06 1.08 1.08 0.80
 0.54 0.81 0.81 0.80 0.80 0.81 0.81 0.81 0.81 0.80 0.80 0.79 0.80 0.78 0.78 0.78 0.79 0.81 0.82 0.54
 
 steps:           2147483648 diff: 0.0003159327527445481
 0.56 0.84 0.84 0.83 0.83 0.82 0.83 0.83 0.83 0.56
 0.84 1.12 1.12 1.11 1.11 1.09 1.10 1.10 1.11 0.83
 0.84 1.12 1.13 1.12 1.10 1.09 1.09 1.09 1.10 0.83
 0.84 1.12 1.12 1.11 1.10 1.10 1.10 1.09 1.10 0.83
 0.83 1.12 1.13 1.13 1.12 1.11 1.10 1.09 1.09 0.82
 0.83 1.10 1.11 1.11 1.12 1.12 1.10 1.10 1.11 0.83
 0.83 1.10 1.11 1.11 1.12 1.13 1.11 1.12 1.11 0.83
 0.83 1.10 1.11 1.11 1.11 1.13 1.12 1.13 1.12 0.84
 0.83 1.10 1.11 1.11 1.11 1.12 1.12 1.12 1.12 0.84
 0.55 0.83 0.83 0.83 0.83 0.83 0.84 0.84 0.84 0.56
 
 steps:          34359738368 diff: 0.00014925651819714758
 0.55 0.82 0.83 0.83 0.81 0.80 0.80 0.79 0.79 0.78 0.78 0.78 0.79 0.80 0.53
 0.83 1.11 1.11 1.11 1.08 1.07 1.06 1.05 1.05 1.04 1.04 1.04 1.06 1.06 0.80
 0.83 1.10 1.11 1.10 1.09 1.06 1.07 1.05 1.06 1.04 1.04 1.05 1.06 1.06 0.79
 0.82 1.09 1.10 1.08 1.08 1.07 1.07 1.07 1.06 1.05 1.05 1.06 1.06 1.04 0.78
 0.80 1.06 1.08 1.08 1.07 1.07 1.06 1.07 1.05 1.05 1.04 1.05 1.04 1.04 0.78
 0.80 1.07 1.06 1.07 1.06 1.07 1.07 1.07 1.06 1.06 1.05 1.05 1.04 1.04 0.78
 0.80 1.06 1.06 1.07 1.06 1.07 1.06 1.07 1.06 1.06 1.05 1.06 1.06 1.05 0.79
 0.81 1.07 1.07 1.07 1.08 1.09 1.09 1.09 1.07 1.07 1.07 1.07 1.05 1.05 0.79
 0.80 1.06 1.07 1.08 1.09 1.10 1.09 1.09 1.06 1.07 1.06 1.07 1.07 1.06 0.80
 0.80 1.07 1.08 1.10 1.10 1.11 1.10 1.09 1.07 1.07 1.07 1.07 1.06 1.07 0.80
 0.80 1.06 1.07 1.09 1.10 1.10 1.09 1.08 1.06 1.06 1.07 1.08 1.09 1.08 0.81
 0.80 1.06 1.07 1.08 1.09 1.10 1.08 1.07 1.07 1.07 1.08 1.08 1.10 1.11 0.83
 0.80 1.06 1.06 1.08 1.07 1.08 1.07 1.07 1.06 1.06 1.08 1.10 1.11 1.11 0.83
 0.80 1.06 1.06 1.06 1.06 1.07 1.06 1.07 1.06 1.07 1.06 1.09 1.10 1.11 0.82
 0.53 0.80 0.80 0.80 0.80 0.81 0.80 0.81 0.80 0.80 0.80 0.82 0.83 0.83 0.55
 